# For문

## for문의 기본 구조

for 변수 in 리스트(또는 튜플, 문자열):

    수행할 문장1

    수행할 문장2

    ...
    
리스트나 튜플, 딕셔너리, 문자열의 첫 번째 요소부터 마지막 요소까지 차례로

변수에 대입해 수행할 문장을 수행

```
list_ = ['one', 'two', 'three']
for i in list_:
    print(i)     # list_ 의 첫번째부터 i에 대입되어 하나씩 프린트
>>>one
>>>two
>>>three
a = [(1,2), (3,4), (5,6)]
for (first, last) in a:   # first에는 a[0][0]부터 last에는 a[0][1]부터 대입
    print(first + last)
>>>3
>>>7
>>>11
```

## for문의 응용

for문안에 if문을 씀으로써 요소를 선별해서 수행

```
marks = [90, 25, 67, 45, 80]

number = 0 
for mark in marks: 
    number = number +1 
    if mark >= 60: 
        print("%d번 학생은 합격입니다." % number)
    else: 
        print("%d번 학생은 불합격입니다." % number)
>>>1번 학생은 합격입니다.
>>>2번 학생은 불합격입니다.
>>>3번 학생은 합격입니다.
>>>4번 학생은 불합격입니다.
>>>5번 학생은 합격입니다.
marks = [90, 25, 67, 45, 80]
for number in range(len(marks)):
    if marks[number] < 60: 
        continue      # 점수가 60점 미만은 print까지 내려가지 않고 for문으로 돌아감
    print("%d번 학생 축하합니다. 합격입니다." % (number+1))
>>>1번 학생 축하합니다. 합격입니다.
>>>3번 학생 축하합니다. 합격입니다.
>>>5번 학생 축하합니다. 합격입니다.
```

### for와 range를 이용한 구구단

```
for i in range(2,10):  # 구구단은 9단까지 이므로 10까지 range하면 9까지 돌아감
    for j in range(1, 10):
        print(i*j, end=" ")
    print('')
>>>2 4 6 8 10 12 14 16 18 
>>>3 6 9 12 15 18 21 24 27 
>>>4 8 12 16 20 24 28 32 36 
>>>5 10 15 20 25 30 35 40 45 
>>>6 12 18 24 30 36 42 48 54 
>>>7 14 21 28 35 42 49 56 63 
>>>8 16 24 32 40 48 56 64 72 
>>>9 18 27 36 45 54 63 72 81
```



